minimum cost 4 0 2 
0 2 4 
2 4 0 
cost: 32
4 0 5 
4 3 2 
1 6 2 
cost: 35
4 0 8 
8 4 0 
0 8 4 
cost: 44
4 0 2 
0 2 4 
2 4 0 
cost: 32
4 1 4 
3 3 3 
2 5 2 
cost: 29
4 1 4 
3 3 3 
2 5 2 
cost: 29
4 1 7 
7 4 1 
1 7 4 
cost: 38
4 2 3 
2 3 4 
3 4 2 
cost: 25
4 2 6 
6 4 2 
2 6 4 
cost: 32
4 3 2 
1 3 5 
4 3 2 
cost: 21
4 3 5 
5 4 3 
3 5 4 
cost: 26
4 3 2 
1 3 5 
4 3 2 
cost: 21
4 4 4 
4 4 4 
4 4 4 
cost: 20
4 4 7 
8 5 2 
3 6 6 
cost: 31
4 4 7 
8 5 2 
3 6 6 
cost: 31
4 4 1 
0 3 6 
5 2 2 
cost: 19
4 5 3 
3 4 5 
5 3 4 
cost: 14
4 5 3 
3 4 5 
5 3 4 
cost: 14
4 5 6 
7 5 3 
4 5 6 
cost: 25
4 5 6 
7 5 3 
4 5 6 
cost: 25
4 6 2 
2 4 6 
6 2 4 
cost: 10
4 6 5 
6 5 4 
5 4 6 
cost: 19
4 6 5 
6 5 4 
5 4 6 
cost: 19
4 6 2 
2 4 6 
6 2 4 
cost: 10
4 7 4 
5 5 5 
6 3 6 
cost: 13
4 7 4 
5 5 5 
6 3 6 
cost: 13
4 7 1 
1 4 7 
7 1 4 
cost: 8
4 7 1 
1 4 7 
7 1 4 
cost: 8
4 7 1 
1 4 7 
7 1 4 
cost: 8
4 7 1 
1 4 7 
7 1 4 
cost: 8
4 8 3 
4 5 6 
7 2 6 
cost: 7
4 8 3 
4 5 6 
7 2 6 
cost: 7
4 8 6 
8 6 4 
6 4 8 
cost: 22
4 8 0 
0 4 8 
8 0 4 
cost: 10
4 8 0 
0 4 8 
8 0 4 
cost: 10
4 0 2 
0 2 4 
2 4 0 
cost: 32
4 0 5 
4 3 2 
1 6 2 
cost: 35
4 0 8 
8 4 0 
0 8 4 
cost: 44
4 0 2 
0 2 4 
2 4 0 
cost: 32
5 0 4 
2 3 4 
2 6 1 
cost: 33
5 0 7 
6 4 2 
1 8 3 
cost: 40
5 1 3 
1 3 5 
3 5 1 
cost: 29
5 1 6 
5 4 3 
2 7 3 
cost: 34
